add [([1;4;4],[2;0;0])] as pat_1
add [([2;4;3],[3;0;0])] as pat_2
add [([7;4;9],[8;2;11]);([5;4;9],[6;2;11]);([4;8;7],[10;0;0]);([4;4;7],[5;2;9]);([3;10;7],[4;10;7]);([3;8;7],[9;0;0]);([3;4;7],[7;2;9])] as pat_3
add [([7;4;9],[6;2;11]);([5;4;9],[9;2;10]);([4;8;7],[11;0;0]);([4;4;7],[5;2;9]);([3;10;7],[4;10;7]);([3;8;7],[10;0;0]);([3;4;7],[7;2;9])] as pat_4
add [([7;4;9],[10;2;10]);([5;4;9],[9;2;10]);([4;8;7],[12;0;0]);([4;4;7],[5;2;9]);([3;10;7],[4;10;7]);([3;8;7],[11;0;0]);([3;4;7],[7;2;9])] as pat_5
add [([7;4;9],[11;0;0]);([5;4;9],[10;0;0]);([4;8;7],[9;0;0]);([4;4;7],[5;2;9]);([3;10;7],[4;10;7]);([3;8;7],[8;0;0]);([3;4;7],[7;2;9])] as pat_6
add [([7;7;9],[13;0;-2487]);([7;4;9],[12;0;0]);([5;7;9],[11;0;-2487]);([5;4;9],[10;0;0]);([4;8;7],[9;0;0]);([4;4;7],[5;2;9]);([3;10;7],[4;10;7]);([3;8;7],[8;0;0]);([3;4;7],[7;2;9])] as pat_7
add [([4;8;7],[16;0;0]);([4;4;7],[15;0;0]);([4;2;7],[11;4;8]);([3;10;7],[4;10;7]);([3;8;7],[14;0;0]);([3;4;7],[13;0;0]);([3;2;7],[12;4;8])] as pat_8
add [([14;8;4],[15;2;6]);([3;8;7],[19;0;0]);([3;6;7],[14;2;4]);([3;2;7],[18;0;0]);([4;10;7],[3;10;7]);([4;8;7],[17;0;0]);([4;2;7],[16;0;0]);([1;8;4],[13;2;6]);([1;2;4],[4;6;7])] as pat_9
add [([16;2;1],[17;0;0])] as pat_10
add [([17;2;2],[18;0;0])] as pat_11
add [([16;2;1],[17;2;2])] as pat_12
add [([17;4;2],[18;0;0])] as pat_13
add [([2;2;3],[3;0;0])] as pat_14
add [([2;4;3],[18;0;0]);([17;4;2],[2;2;3])] as pat_15
add [([2;4;3],[1;4;4]);([17;4;2],[2;2;3])] as pat_16
add [([1;8;4],[5;0;0]);([1;7;4],[4;0;-80]);([1;4;4],[3;0;0]);([1;2;4],[2;0;0])] as pat_17
add [([1;8;4],[5;0;0]);([1;7;4],[4;0;-173]);([1;4;4],[3;0;0]);([1;2;4],[2;0;0])] as pat_18
add [([2;7;3],[4;0;-93]);([2;4;3],[1;4;4]);([2;2;3],[3;0;0])] as pat_19
add [([2;7;3],[18;0;-93]);([2;4;3],[1;4;4]);([17;4;2],[2;2;3])] as pat_20
add [([2;7;3],[18;0;-38]);([17;4;2],[2;2;3]);([16;2;1],[17;2;2])] as pat_21
add [([17;6;2],[18;0;0])] as pat_22
add [([18;2;5],[19;0;0])] as pat_23
add [([17;6;2],[18;2;5])] as pat_24
add [([2;7;3],[4;0;-93]);([2;2;3],[3;0;0])] as pat_25
add [([2;7;3],[19;0;-93]);([17;6;2],[18;0;0]);([17;4;2],[2;2;3])] as pat_26
add [([2;7;3],[20;0;-93]);([18;7;5],[19;0;-302]);([17;6;2],[18;2;5]);([17;4;2],[2;2;3])] as pat_27
add [([2;7;3],[20;0;-93]);([18;7;5],[19;0;-155]);([17;6;2],[18;2;5]);([17;4;2],[2;2;3])] as pat_28
add [([9;2;10],[10;0;0])] as pat_29
add [([18;4;5],[19;0;0])] as pat_30
add [([9;7;10],[20;0;-1655]);([9;5;10],[19;0;-1597]);([18;4;5],[9;2;10])] as pat_31
add [([9;7;10],[20;0;-1655]);([9;5;10],[19;0;-2347]);([18;4;5],[9;2;10])] as pat_32
add [([9;7;10],[20;0;-2417]);([9;5;10],[19;0;-1597]);([18;4;5],[9;2;10])] as pat_33
add [([9;7;10],[20;0;-2417]);([9;5;10],[19;0;-2347]);([18;4;5],[9;2;10])] as pat_34
add [([9;7;10],[21;0;-2417]);([9;5;10],[20;0;-2347]);([18;7;5],[19;0;-155]);([18;4;5],[9;2;10])] as pat_35
add [([6;2;11],[7;0;0])] as pat_36
add [([6;7;11],[20;0;-2348]);([6;5;11],[19;0;-2279]);([18;4;5],[6;2;11])] as pat_37
add [([6;7;11],[20;0;-2348]);([6;5;11],[19;0;-3241]);([18;4;5],[6;2;11])] as pat_38
add [([6;7;11],[20;0;-3323]);([6;5;11],[19;0;-2279]);([18;4;5],[6;2;11])] as pat_39
add [([6;7;11],[20;0;-3323]);([6;5;11],[19;0;-3241]);([18;4;5],[6;2;11])] as pat_40
add [([6;7;11],[21;0;-3323]);([6;5;11],[20;0;-3241]);([18;7;5],[19;0;-155]);([18;4;5],[6;2;11])] as pat_41
add [([18;7;5],[19;0;-302])] as pat_42
add [([19;4;14],[20;0;0])] as pat_43
add [([20;2;17],[21;0;0])] as pat_44
add [([19;4;14],[20;2;17])] as pat_45
add [([19;8;14],[23;0;0]);([19;6;14],[22;0;0]);([19;4;14],[20;2;17]);([19;2;14],[21;0;0])] as pat_46
add [([2;4;3],[1;4;4])] as pat_47
add [([21;2;18],[22;0;0])] as pat_48
add [([19;4;14],[21;2;18])] as pat_49
add [([19;8;14],[24;0;0]);([19;6;14],[23;0;0]);([19;4;14],[21;2;18]);([19;2;14],[22;0;0])] as pat_50
add [([22;2;20],[23;0;0])] as pat_51
add [([19;4;14],[22;2;20])] as pat_52
add [([19;8;14],[25;0;0]);([19;6;14],[24;0;0]);([19;4;14],[22;2;20]);([19;2;14],[23;0;0])] as pat_53
add [([18;7;5],[19;0;-155])] as pat_54
add [([23;2;21],[24;0;0])] as pat_55
add [([19;4;14],[23;2;21])] as pat_56
add [([19;8;14],[26;0;0]);([19;6;14],[25;0;0]);([19;4;14],[23;2;21]);([19;2;14],[24;0;0])] as pat_57
add [([13;2;6],[14;0;0])] as pat_58
add [([1;8;4],[3;0;0]);([1;4;4],[2;0;0])] as pat_59
add [([1;8;4],[13;2;6]);([1;4;4],[14;0;0])] as pat_60
add [([3;13;7],[7;0;-908]);([3;6;7],[6;0;0]);([4;13;7],[5;0;-908]);([4;10;7],[3;10;7]);([1;2;4],[4;6;7])] as pat_61
add [([1;4;4],[3;0;0]);([1;2;4],[2;0;0])] as pat_62
add [([4;13;7],[8;0;-908]);([4;6;7],[7;0;0]);([3;13;7],[6;0;-908]);([3;10;7],[4;10;7]);([3;6;7],[5;0;0])] as pat_63
add [([3;13;7],[6;0;-908]);([3;10;7],[5;0;0]);([3;6;7],[4;0;0])] as pat_64
add [([3;10;7],[4;0;0]);([1;2;4],[3;6;7])] as pat_65
add [([3;10;7],[4;10;7]);([1;2;4],[3;6;7])] as pat_66
add [([3;13;7],[5;0;-908]);([3;10;7],[4;0;0]);([1;2;4],[3;6;7])] as pat_67
add [([4;6;7],[6;0;0]);([3;10;7],[4;10;7]);([3;6;7],[5;0;0])] as pat_68
add [([4;6;7],[5;0;0]);([3;10;7],[4;10;7]);([1;2;4],[3;6;7])] as pat_69
add [([3;6;7],[14;2;4]);([4;10;7],[3;10;7]);([1;2;4],[4;6;7])] as pat_70
add [([3;13;7],[5;0;-908]);([3;2;7],[4;0;0])] as pat_71
add [([11;4;8],[12;0;0])] as pat_72
add [([3;2;7],[11;4;8])] as pat_73
add [([11;9;8],[14;0;-783]);([3;2;7],[11;4;8]);([1;8;4],[13;2;6]);([1;2;4],[3;6;7])] as pat_74
add [([11;9;8],[14;0;-1228]);([3;2;7],[11;4;8]);([1;8;4],[13;2;6]);([1;2;4],[3;6;7])] as pat_75
add [([11;9;8],[14;0;-1833]);([3;2;7],[11;4;8]);([1;8;4],[13;2;6]);([1;2;4],[3;6;7])] as pat_76
add [([3;15;7],[6;0;-601]);([3;13;7],[5;0;-908]);([3;4;7],[4;0;0])] as pat_77
add [([5;2;9],[6;0;0])] as pat_78
add [([3;15;7],[6;0;-952]);([3;13;7],[5;0;-908]);([3;4;7],[4;0;0])] as pat_79
add [([3;4;7],[5;2;9])] as pat_80
add [([11;9;8],[14;0;-1833]);([5;7;9],[13;0;-1130]);([3;6;7],[12;0;0]);([3;4;7],[5;2;9]);([4;10;7],[3;10;7]);([4;2;7],[11;4;8]);([1;2;4],[4;6;7])] as pat_81
add [([5;7;9],[14;0;-1130]);([11;9;8],[13;0;-1833]);([4;6;7],[12;0;0]);([4;2;7],[11;4;8]);([3;10;7],[4;10;7]);([3;4;7],[5;2;9]);([1;2;4],[3;6;7])] as pat_82
add [([11;9;8],[16;0;-1833]);([5;7;9],[15;0;-1130]);([3;6;7],[14;2;4]);([3;4;7],[5;2;9]);([4;10;7],[3;10;7]);([4;2;7],[11;4;8]);([1;2;4],[4;6;7])] as pat_83
add [([11;9;8],[14;0;-2631]);([5;7;9],[13;0;-1130]);([3;6;7],[12;0;0]);([3;4;7],[5;2;9]);([4;10;7],[3;10;7]);([4;2;7],[11;4;8]);([1;2;4],[4;6;7])] as pat_84
add [([5;7;9],[14;0;-1130]);([11;9;8],[13;0;-2631]);([3;6;7],[12;0;0]);([3;2;7],[11;4;8]);([4;10;7],[3;10;7]);([4;4;7],[5;2;9]);([1;2;4],[4;6;7])] as pat_85
add [([11;9;8],[16;0;-2631]);([5;7;9],[15;0;-1130]);([3;6;7],[14;2;4]);([3;4;7],[5;2;9]);([4;10;7],[3;10;7]);([4;2;7],[11;4;8]);([1;2;4],[4;6;7])] as pat_86
add [([11;9;8],[14;0;-1833]);([5;7;9],[13;0;-1713]);([3;6;7],[12;0;0]);([3;4;7],[5;2;9]);([4;10;7],[3;10;7]);([4;2;7],[11;4;8]);([1;2;4],[4;6;7])] as pat_87
add [([5;7;9],[14;0;-1713]);([11;9;8],[13;0;-1833]);([4;6;7],[12;0;0]);([4;2;7],[11;4;8]);([3;10;7],[4;10;7]);([3;4;7],[5;2;9]);([1;2;4],[3;6;7])] as pat_88
add [([11;9;8],[16;0;-1833]);([5;7;9],[15;0;-1713]);([3;6;7],[14;2;4]);([3;4;7],[5;2;9]);([4;10;7],[3;10;7]);([4;2;7],[11;4;8]);([1;2;4],[4;6;7])] as pat_89
add [([11;9;8],[14;0;-2631]);([5;7;9],[13;0;-1713]);([3;6;7],[12;0;0]);([3;4;7],[5;2;9]);([4;10;7],[3;10;7]);([4;2;7],[11;4;8]);([1;2;4],[4;6;7])] as pat_90
add [([5;7;9],[14;0;-1713]);([11;9;8],[13;0;-2631]);([3;6;7],[12;0;0]);([3;2;7],[11;4;8]);([4;10;7],[3;10;7]);([4;4;7],[5;2;9]);([1;2;4],[4;6;7])] as pat_91
add [([11;9;8],[16;0;-2631]);([5;7;9],[15;0;-1713]);([3;6;7],[14;2;4]);([3;4;7],[5;2;9]);([4;10;7],[3;10;7]);([4;2;7],[11;4;8]);([1;2;4],[4;6;7])] as pat_92
add [([5;4;9],[6;0;0])] as pat_93
add [([5;4;9],[9;2;10])] as pat_94
add [([9;7;10],[12;0;-1655]);([9;5;10],[11;0;-1597]);([5;7;9],[10;0;-2487]);([5;4;9],[9;2;10]);([3;4;7],[5;2;9])] as pat_95
add [([9;7;10],[12;0;-2417]);([9;5;10],[11;0;-1597]);([5;7;9],[10;0;-2487]);([5;4;9],[9;2;10]);([3;4;7],[5;2;9])] as pat_96
add [([9;7;10],[12;0;-1655]);([9;5;10],[11;0;-2347]);([5;7;9],[10;0;-2487]);([5;4;9],[9;2;10]);([3;4;7],[5;2;9])] as pat_97
add [([3;13;7],[5;0;-908]);([3;8;7],[4;0;0])] as pat_98
add [([3;8;7],[9;2;10])] as pat_99
add [([9;7;10],[10;0;-1655]);([3;8;7],[9;2;10])] as pat_100
add [([5;4;9],[6;2;11])] as pat_101
add [([6;7;11],[9;0;-2348]);([6;5;11],[8;0;-2279]);([5;7;9],[7;0;-2487]);([5;4;9],[6;2;11])] as pat_102
add [([6;7;11],[9;0;-3323]);([6;5;11],[8;0;-2279]);([5;7;9],[7;0;-2487]);([5;4;9],[6;2;11])] as pat_103
add [([6;7;11],[9;0;-2348]);([6;5;11],[8;0;-3241]);([5;7;9],[7;0;-2487]);([5;4;9],[6;2;11])] as pat_104
add [([3;8;7],[6;2;11])] as pat_105
add [([6;7;11],[7;0;-2348]);([3;8;7],[6;2;11])] as pat_106
add [([11;9;8],[12;0;-2631])] as pat_107
add [([11;9;8],[12;0;-1833])] as pat_108
add [([11;9;8],[12;0;-1228])] as pat_109
add [([11;7;8],[12;0;-1178])] as pat_110
add [([11;7;8],[13;0;-743]);([11;2;8],[12;0;0])] as pat_111
add [([9;7;10],[13;0;-1655]);([9;5;10],[12;0;-1597]);([11;2;8],[9;2;10])] as pat_112
add [([9;7;10],[13;0;-1655]);([9;5;10],[12;0;-2347]);([11;2;8],[9;2;10])] as pat_113
add [([9;7;10],[13;0;-2417]);([9;5;10],[12;0;-1597]);([11;2;8],[9;2;10])] as pat_114
add [([9;7;10],[13;0;-2417]);([9;5;10],[12;0;-2347]);([11;2;8],[9;2;10])] as pat_115
add [([6;7;11],[14;0;-3323]);([6;5;11],[13;0;-3241]);([11;7;8],[12;0;-743]);([11;2;8],[6;2;11])] as pat_116
add [([6;7;11],[13;0;-2348]);([6;5;11],[12;0;-2279]);([11;2;8],[6;2;11])] as pat_117
add [([6;7;11],[13;0;-2348]);([6;5;11],[12;0;-3241]);([11;2;8],[6;2;11])] as pat_118
add [([6;7;11],[13;0;-3323]);([6;5;11],[12;0;-2279]);([11;2;8],[6;2;11])] as pat_119
add [([6;7;11],[13;0;-3323]);([6;5;11],[12;0;-3241]);([11;2;8],[6;2;11])] as pat_120
add [([9;7;10],[14;0;-2417]);([9;5;10],[13;0;-2347]);([11;7;8],[12;0;-743]);([11;2;8],[9;2;10])] as pat_121
add [([5;7;9],[6;0;-2487])] as pat_122
add [([5;7;9],[6;0;-1713])] as pat_123
add [([9;5;10],[10;0;-2347])] as pat_124
add [([9;7;10],[10;0;-2417])] as pat_125
add [([6;5;11],[7;0;-3241])] as pat_126
add [([6;7;11],[7;0;-3323])] as pat_127
add [([24;2;12],[25;0;0])] as pat_128
add [([9;7;10],[26;0;-1655]);([9;5;10],[25;0;-1597]);([9;2;10],[24;2;12])] as pat_129
add [([9;7;10],[26;0;-2417]);([9;5;10],[25;0;-1597]);([9;2;10],[24;2;12])] as pat_130
add [([9;7;10],[26;0;-1655]);([9;5;10],[25;0;-2347]);([9;2;10],[24;2;12])] as pat_131
add [([9;7;10],[26;0;-2417]);([9;5;10],[25;0;-2347]);([9;2;10],[24;2;12])] as pat_132
add [([9;5;10],[25;0;-2347]);([9;2;10],[24;2;12])] as pat_133
add [([9;7;10],[25;0;-2417]);([9;2;10],[24;2;12])] as pat_134
add [([6;7;11],[26;0;-2348]);([6;5;11],[25;0;-2279]);([6;2;11],[24;2;12])] as pat_135
add [([6;7;11],[26;0;-3323]);([6;5;11],[25;0;-2279]);([6;2;11],[24;2;12])] as pat_136
add [([6;7;11],[26;0;-2348]);([6;5;11],[25;0;-3241]);([6;2;11],[24;2;12])] as pat_137
add [([6;7;11],[26;0;-3323]);([6;5;11],[25;0;-3241]);([6;2;11],[24;2;12])] as pat_138
add [([6;5;11],[25;0;-3241]);([6;2;11],[24;2;12])] as pat_139
add [([6;7;11],[25;0;-3323]);([6;2;11],[24;2;12])] as pat_140
add [([25;2;13],[26;0;0])] as pat_141
add [([9;7;10],[26;0;-1655]);([9;2;10],[25;2;13])] as pat_142
add [([9;7;10],[26;0;-2417]);([9;2;10],[25;2;13])] as pat_143
add [([6;7;11],[26;0;-2348]);([6;2;11],[25;2;13])] as pat_144
add [([6;7;11],[26;0;-3323]);([6;2;11],[25;2;13])] as pat_145
add [] as pat_146
add [([26;2;22],[27;0;0])] as pat_147
add [([19;4;14],[26;2;22])] as pat_148
add [([19;8;14],[29;0;0]);([19;6;14],[28;0;0]);([19;4;14],[26;2;22]);([19;2;14],[27;0;0])] as pat_149
add [] as pat_150
add [([27;2;24],[28;0;0])] as pat_151
add [([19;4;14],[27;2;24])] as pat_152
add [([19;8;14],[30;0;0]);([19;6;14],[29;0;0]);([19;4;14],[27;2;24]);([19;2;14],[28;0;0])] as pat_153
add [([28;2;15],[29;0;0])] as pat_154
add [([19;6;14],[20;0;0])] as pat_155
add [([28;7;15],[31;0;-9732]);([19;8;14],[30;0;0]);([19;6;14],[28;2;15]);([19;2;14],[29;0;0])] as pat_156
add [([28;7;15],[31;0;-9732]);([19;8;14],[29;2;16]);([19;6;14],[28;2;15]);([19;2;14],[30;0;0])] as pat_157
add [([28;7;15],[30;0;-9732]);([19;8;14],[29;0;0]);([19;6;14],[28;2;15]);([6;2;11],[19;2;14])] as pat_158
add [([28;7;15],[30;0;-9732]);([19;8;14],[29;0;0]);([19;6;14],[28;2;15]);([9;2;10],[19;2;14])] as pat_159
add [([28;7;15],[30;0;-9732]);([19;8;14],[29;2;16]);([19;6;14],[28;2;15]);([6;2;11],[19;2;14])] as pat_160
add [([28;7;15],[30;0;-9732]);([19;8;14],[29;2;16]);([19;6;14],[28;2;15]);([9;2;10],[19;2;14])] as pat_161
add [([19;8;14],[20;0;0])] as pat_162
add [([29;2;16],[30;0;0])] as pat_163
add [([29;7;16],[31;0;-12248]);([19;8;14],[29;2;16]);([19;6;14],[30;0;0])] as pat_164
add [([29;7;16],[30;0;-12248]);([19;8;14],[29;2;16]);([19;6;14],[28;2;15])] as pat_165
add [([19;2;14],[20;0;0])] as pat_166
add [([19;6;14],[22;0;0]);([9;7;10],[21;0;-1655]);([9;5;10],[20;0;-1597]);([9;2;10],[19;2;14])] as pat_167
add [([19;6;14],[22;0;0]);([9;7;10],[21;0;-2417]);([9;5;10],[20;0;-1597]);([9;2;10],[19;2;14])] as pat_168
add [([19;6;14],[22;0;0]);([9;7;10],[21;0;-1655]);([9;5;10],[20;0;-2347]);([9;2;10],[19;2;14])] as pat_169
add [([19;6;14],[22;0;0]);([9;7;10],[21;0;-2417]);([9;5;10],[20;0;-2347]);([9;2;10],[19;2;14])] as pat_170
add [([19;6;14],[28;2;15]);([9;7;10],[30;0;-1655]);([9;5;10],[29;0;-1597]);([9;2;10],[19;2;14])] as pat_171
add [([19;6;14],[28;2;15]);([9;7;10],[30;0;-2417]);([9;5;10],[29;0;-1597]);([9;2;10],[19;2;14])] as pat_172
add [([19;6;14],[28;2;15]);([9;7;10],[30;0;-1655]);([9;5;10],[29;0;-2347]);([9;2;10],[19;2;14])] as pat_173
add [([19;6;14],[28;2;15]);([9;7;10],[30;0;-2417]);([9;5;10],[29;0;-2347]);([9;2;10],[19;2;14])] as pat_174
add [([19;6;14],[22;0;0]);([6;7;11],[21;0;-2348]);([6;5;11],[20;0;-2279]);([6;2;11],[19;2;14])] as pat_175
add [([19;6;14],[22;0;0]);([6;7;11],[21;0;-3323]);([6;5;11],[20;0;-2279]);([6;2;11],[19;2;14])] as pat_176
add [([19;6;14],[22;0;0]);([6;7;11],[21;0;-2348]);([6;5;11],[20;0;-3241]);([6;2;11],[19;2;14])] as pat_177
add [([19;6;14],[22;0;0]);([6;7;11],[21;0;-3323]);([6;5;11],[20;0;-3241]);([6;2;11],[19;2;14])] as pat_178
add [([19;6;14],[28;2;15]);([6;7;11],[30;0;-2348]);([6;5;11],[29;0;-2279]);([6;2;11],[19;2;14])] as pat_179
add [([19;6;14],[28;2;15]);([6;7;11],[30;0;-3323]);([6;5;11],[29;0;-2279]);([6;2;11],[19;2;14])] as pat_180
add [([19;6;14],[28;2;15]);([6;7;11],[30;0;-2348]);([6;5;11],[29;0;-3241]);([6;2;11],[19;2;14])] as pat_181
add [([19;6;14],[28;2;15]);([6;7;11],[30;0;-3323]);([6;5;11],[29;0;-3241]);([6;2;11],[19;2;14])] as pat_182
add [([28;7;15],[30;0;-7505]);([28;4;15],[29;0;0])] as pat_183
add [([9;7;10],[30;0;-1655]);([9;5;10],[29;0;-1597]);([9;2;10],[28;4;15])] as pat_184
add [([9;7;10],[30;0;-2417]);([9;5;10],[29;0;-1597]);([9;2;10],[28;4;15])] as pat_185
add [([9;7;10],[30;0;-1655]);([9;5;10],[29;0;-2347]);([9;2;10],[28;4;15])] as pat_186
add [([9;7;10],[30;0;-2417]);([9;5;10],[29;0;-2347]);([9;2;10],[28;4;15])] as pat_187
add [([28;7;15],[31;0;-7505]);([9;7;10],[30;0;-2417]);([9;5;10],[29;0;-2347]);([9;2;10],[28;4;15])] as pat_188
add [([6;7;11],[30;0;-2348]);([6;5;11],[29;0;-2279]);([6;2;11],[28;4;15])] as pat_189
add [([6;7;11],[30;0;-2348]);([6;5;11],[29;0;-3241]);([6;2;11],[28;4;15])] as pat_190
add [([6;7;11],[30;0;-3323]);([6;5;11],[29;0;-2279]);([6;2;11],[28;4;15])] as pat_191
add [([6;7;11],[30;0;-3323]);([6;5;11],[29;0;-3241]);([6;2;11],[28;4;15])] as pat_192
add [([28;7;15],[31;0;-7505]);([6;7;11],[30;0;-3323]);([6;5;11],[29;0;-3241]);([6;2;11],[28;4;15])] as pat_193
add [([29;7;16],[31;0;-9593]);([29;4;16],[30;0;0])] as pat_194
add [([9;7;10],[31;0;-1655]);([9;5;10],[30;0;-1597]);([9;2;10],[29;4;16])] as pat_195
add [([9;7;10],[31;0;-2417]);([9;5;10],[30;0;-1597]);([9;2;10],[29;4;16])] as pat_196
add [([9;7;10],[31;0;-1655]);([9;5;10],[30;0;-2347]);([9;2;10],[29;4;16])] as pat_197
add [([9;7;10],[31;0;-2417]);([9;5;10],[30;0;-2347]);([9;2;10],[29;4;16])] as pat_198
add [([29;7;16],[32;0;-9593]);([9;7;10],[31;0;-2417]);([9;5;10],[30;0;-2347]);([9;2;10],[29;4;16])] as pat_199
add [([6;7;11],[31;0;-2348]);([6;5;11],[30;0;-2279]);([6;2;11],[29;4;16])] as pat_200
add [([6;7;11],[31;0;-2348]);([6;5;11],[30;0;-3241]);([6;2;11],[29;4;16])] as pat_201
add [([6;7;11],[31;0;-3323]);([6;5;11],[30;0;-2279]);([6;2;11],[29;4;16])] as pat_202
add [([6;7;11],[31;0;-3323]);([6;5;11],[30;0;-3241]);([6;2;11],[29;4;16])] as pat_203
add [([29;7;16],[32;0;-9593]);([6;7;11],[31;0;-3323]);([6;5;11],[30;0;-3241]);([6;2;11],[29;4;16])] as pat_204
add [([28;7;15],[29;0;-9732])] as pat_205
add [([29;7;16],[30;0;-12248])] as pat_206
add [] as pat_207
add [([30;2;19],[31;0;0])] as pat_208
add [([19;4;14],[30;2;19])] as pat_209
add [([19;8;14],[33;0;0]);([19;6;14],[32;0;0]);([19;4;14],[30;2;19]);([19;2;14],[31;0;0])] as pat_210
add [([31;2;23],[32;0;0])] as pat_211
add [([19;4;14],[31;2;23])] as pat_212
add [([19;8;14],[34;0;0]);([19;6;14],[33;0;0]);([19;4;14],[31;2;23]);([19;2;14],[32;0;0])] as pat_213
add [([9;7;10],[12;0;-2417]);([9;5;10],[11;0;-2347]);([5;7;9],[10;0;-2487]);([5;4;9],[9;2;10]);([3;4;7],[5;2;9])] as pat_214
add [([5;7;9],[8;0;-2487]);([5;4;9],[7;0;0]);([5;2;9],[6;0;0])] as pat_215
add [([32;2;25],[33;0;0])] as pat_216
add [([11;4;8],[32;2;25])] as pat_217
add [([11;9;8],[33;0;-2631]);([11;4;8],[32;2;25])] as pat_218
add [([11;9;8],[33;0;-1833]);([11;4;8],[32;2;25])] as pat_219
add [([11;9;8],[33;0;-1228]);([11;4;8],[32;2;25])] as pat_220
add [([33;2;26],[34;0;0])] as pat_221
add [([5;2;9],[33;2;26])] as pat_222
add [([5;7;9],[34;0;-2487]);([5;2;9],[33;2;26])] as pat_223
add [([5;7;9],[34;0;-1713]);([5;2;9],[33;2;26])] as pat_224
add [([3;13;7],[9;0;-908]);([3;10;7],[8;0;0]);([3;8;7],[7;0;0]);([3;6;7],[6;0;0]);([3;4;7],[5;0;0]);([3;2;7],[4;0;0])] as pat_225
add [([3;13;7],[4;0;-566])] as pat_226
add [([9;7;10],[11;0;-2417]);([3;15;7],[10;0;-601]);([3;8;7],[9;2;10])] as pat_227
add [([3;15;7],[4;0;-952])] as pat_228
add [([17;4;2],[2;2;3])] as pat_229
add [([2;6;3],[3;0;0])] as pat_230
add [([2;7;3],[3;0;-38])] as pat_231
add [([2;7;3],[3;0;-93])] as pat_232
add [([1;2;4],[2;0;0])] as pat_233
add [([1;2;4],[3;6;7])] as pat_234
add [([1;6;4],[2;0;0])] as pat_235
add [([1;7;4],[2;0;-80])] as pat_236
add [([1;7;4],[2;0;-173])] as pat_237
add [([1;8;4],[2;0;0])] as pat_238
add [([1;8;4],[13;2;6])] as pat_239
add [([18;4;5],[9;2;10])] as pat_240
add [([18;4;5],[6;2;11])] as pat_241
add [([18;6;5],[19;0;0])] as pat_242
add [([3;2;7],[4;0;0])] as pat_243
add [([3;4;7],[4;0;0])] as pat_244
add [([3;6;7],[4;0;0])] as pat_245
add [([3;8;7],[4;0;0])] as pat_246
add [([3;10;7],[4;0;0])] as pat_247
add [([3;10;7],[4;10;7])] as pat_248
add [([3;12;7],[4;0;0])] as pat_249
add [([3;13;7],[4;0;-908])] as pat_250
add [([3;14;7],[4;0;0])] as pat_251
add [([3;15;7],[4;0;-601])] as pat_252
add [([11;2;8],[12;0;0])] as pat_253
add [([11;2;8],[9;2;10])] as pat_254
add [([11;2;8],[6;2;11])] as pat_255
add [([11;6;8],[12;0;0])] as pat_256
add [([11;7;8],[12;0;-743])] as pat_257
add [([11;8;8],[12;0;0])] as pat_258
add [([11;9;8],[12;0;-783])] as pat_259
add [([5;6;9],[6;0;0])] as pat_260
add [([5;7;9],[6;0;-1130])] as pat_261
add [([9;2;10],[24;2;12])] as pat_262
add [([9;2;10],[25;2;13])] as pat_263
add [([9;2;10],[19;2;14])] as pat_264
add [([9;2;10],[28;4;15])] as pat_265
add [([9;2;10],[29;4;16])] as pat_266
add [([9;4;10],[10;0;0])] as pat_267
add [([9;5;10],[10;0;-1597])] as pat_268
add [([9;6;10],[10;0;0])] as pat_269
add [([9;7;10],[10;0;-1655])] as pat_270
add [([6;2;11],[24;2;12])] as pat_271
add [([6;2;11],[25;2;13])] as pat_272
add [([6;2;11],[19;2;14])] as pat_273
add [([6;2;11],[28;4;15])] as pat_274
add [([6;2;11],[29;4;16])] as pat_275
add [([6;4;11],[7;0;0])] as pat_276
add [([6;5;11],[7;0;-2279])] as pat_277
add [([6;6;11],[7;0;0])] as pat_278
add [([6;7;11],[7;0;-2348])] as pat_279
add [([19;6;14],[28;2;15])] as pat_280
add [([19;8;14],[29;2;16])] as pat_281
add [([28;4;15],[29;0;0])] as pat_282
add [([28;6;15],[29;0;0])] as pat_283
add [([28;7;15],[29;0;-7505])] as pat_284
add [([29;4;16],[30;0;0])] as pat_285
add [([29;6;16],[30;0;0])] as pat_286
add [([29;7;16],[30;0;-9593])] as pat_287

build (empty,pat_248)
