add [([11;4;1],[12;2;1]);([10;4;2],[11;8;1]);([8;4;2],[12;8;1]);([8;2;2],[11;6;1]);([7;6;2],[8;6;2]);([7;4;2],[9;8;1]);([6;6;1],[7;2;2]);([6;4;1],[9;2;1]);([5;6;2],[10;6;2]);([5;4;2],[6;8;1]);([4;6;1],[5;2;2]);([4;4;1],[6;2;1]);([4;2;1],[9;4;1]);([3;4;2],[4;8;1]);([3;2;2],[9;6;1]);([2;6;2],[3;6;2]);([2;2;2],[12;6;1]);([1;8;1],[2;4;2]);([1;6;1],[10;2;2]);([1;4;1],[11;2;1]);([1;2;1],[12;4;1])] as pat_1
add [([11;4;1],[12;2;1]);([10;4;2],[12;8;1]);([8;4;2],[11;8;1]);([8;2;2],[12;6;1]);([7;6;2],[8;6;2]);([7;4;2],[9;8;1]);([6;6;1],[7;2;2]);([6;4;1],[9;2;1]);([5;6;2],[10;6;2]);([5;4;2],[6;8;1]);([4;6;1],[5;2;2]);([4;4;1],[6;2;1]);([4;2;1],[9;4;1]);([3;4;2],[4;8;1]);([3;2;2],[9;6;1]);([2;6;2],[3;6;2]);([2;2;2],[11;6;1]);([1;8;1],[2;4;2]);([1;6;1],[10;2;2]);([1;4;1],[11;2;1]);([1;2;1],[12;4;1])] as pat_2
add [([1;2;1],[2;0;0])] as pat_3
add [([1;2;1],[4;4;1])] as pat_4
add [([1;2;1],[1;4;1])] as pat_5
add [([1;4;1],[2;0;0])] as pat_6
add [([1;6;1],[2;0;0])] as pat_7
add [([1;6;1],[2;2;2])] as pat_8
add [([1;8;1],[2;0;0])] as pat_9
add [([1;8;1],[2;4;2])] as pat_10
add [([2;2;2],[3;0;0])] as pat_11
add [([2;4;2],[3;0;0])] as pat_12
add [([2;6;2],[3;0;0])] as pat_13
add [([2;6;2],[3;6;2])] as pat_14
build (empty,pat_3)
build (empty,pat_4)
build (empty,pat_5)
build (empty,pat_6)
build (empty,pat_7)
build (empty,pat_8)
build (empty,pat_9)
build (empty,pat_10)
build (empty,pat_11)
build (empty,pat_12)
build (empty,pat_13)
build (empty,pat_14)
