add empty
add [([1;0;0],[2;1;0]);([2;0;0],[3;1;0]);([3;0;0],[4;1;0]);([4;0;0],[5;1;0]);([5;0;0],[6;1;0]);([6;0;0],[7;1;0]);([7;0;0],[1;1;0]);([12;10;1],[1;10;0]);([12;11;1],[2;11;0]);([23;10;1],[2;10;0]);([23;11;1],[3;11;0]);([34;10;1],[3;10;0]);([34;11;1],[4;11;0]);([45;10;1],[4;10;0]);([45;11;1],[5;11;0]);([56;10;1],[5;10;0]);([56;11;1],[6;11;0]);([67;10;1],[6;10;0]);([67;11;1],[7;11;0]);([71;10;1],[7;10;0]);([71;11;1],[1;11;0]);([91;0;0],[92;1;0]);([92;0;0],[93;1;0]);([93;0;0],[94;1;0]);([94;0;0],[95;1;0]);([95;0;0],[96;1;0]);([96;0;0],[97;1;0]);([97;0;0],[91;1;0]) ;([9192;10;1],[91;10;0]);([9192;11;1],[92;11;0]);([9293;10;1],[92;10;0]);([9293;11;1],[93;11;0]);([9394;10;1],[93;10;0]);([9394;11;1],[94;11;0]);([9495;10;1],[94;10;0]);([9495;11;1],[95;11;0]);([9596;10;1],[95;10;0]);([9596;11;1],[96;11;0]);([9697;10;1],[96;10;0]);([9697;11;1],[97;11;0]);([9791;10;1],[97;10;0]);([9791;11;1],[91;11;0]);([12;0;1],[9192;0;1]);([23;0;1],[9293;0;1]);([34;0;1],[9394;0;1]);([45;0;1],[9495;0;1]);([56;0;1],[9596;0;1]);([67;0;1],[9697;0;1]);([71;0;1],[9791;0;1])] as proteasome


add [([1;0;0],[2;1;0]);([2;0;0],[3;1;0]);([3;0;0],[4;1;0]);([4;0;0],[5;1;0]);([5;0;0],[6;1;0]);([6;0;0],[7;1;0]);([7;0;0],[1;1;0]);([12;10;1],[1;10;0]);([12;11;1],[2;11;0]);([23;10;1],[2;10;0]);([23;11;1],[3;11;0]);([34;10;1],[3;10;0]);([34;11;1],[4;11;0]);([45;10;1],[4;10;0]);([45;11;1],[5;11;0]);([56;10;1],[5;10;0]);([56;11;1],[6;11;0]);([67;10;1],[6;10;0]);([67;11;1],[7;11;0]);([71;10;1],[7;10;0]);([71;11;1],[1;11;0]);([91;0;0],[92;1;0]);([92;0;0],[93;1;0]);([93;0;0],[94;1;0]);([94;0;0],[95;1;0]);([95;0;0],[96;1;0]);([96;0;0],[97;1;0]);([97;0;0],[91;1;0]) ;([9192;10;1],[91;10;0]);([9192;11;1],[92;11;0]);([9293;10;1],[92;10;0]);([9293;11;1],[93;11;0]);([9394;10;1],[93;10;0]);([9394;11;1],[94;11;0]);([9495;10;1],[94;10;0]);([9495;11;1],[95;11;0]);([9596;10;1],[95;10;0]);([9596;11;1],[96;11;0]);([9697;10;1],[96;10;0]);([9697;11;1],[97;11;0]);([9791;10;1],[97;10;0]);([9791;11;1],[91;11;0]);([12;0;1],[9192;1;1]);([23;0;1],[9293;1;1]);([34;0;1],[9394;1;1]);([45;0;1],[9495;1;1]);([56;0;1],[9596;1;1]);([67;0;1],[9697;1;1]);([71;0;1],[9791;1;1])] as asym_proteasome



add [([1;0;0],[2;1;0])] as alpha_01_alpha
add [([67;10;1],[6;10;0])] as beta_10_alpha
add [([1;11;1],[2;11;0])] as beta_11_alpha
add [([1;0;1],[2;0;1])] as beta_0_beta
add [([1;0;1],[2;1;1])] as beta_01_beta

add [([1;0;0],[2;1;0]);([2;0;0],[3;1;0]);([3;0;0],[4;1;0]);([4;0;0],[5;1;0]);([5;0;0],[6;1;0]);([6;0;0],[7;1;0]);([7;0;0],[1;1;0])] as alpha_ring

add [([1;0;0],[2;1;0]);([1;10;0],[12;10;1]);([2;11;0],[12;11;1]);([12;0;1],[92;0;1])] as alpha_beta_sub

build (empty,alpha_01_alpha)
