Sharing  {(93.11,9293.11),(93.10,9391.10),(92.11,9192.11),(92.10,9293.10),(92.1,93.0),(91.11,9391.11),(91.10,9192.10),(91.1,92.0),(91.0,93.1),(31.0,9391.0),(23.0,9293.0),(12.0,9192.0)} 
      
<---- (9192.0:31.0,12.11:9391.11,12.10:9391.10,12.0:9391.0,3.1:91.1,3.0:91.0,2.11:92.11,2.1:92.1,2.0:92.0,1.10:93.10,1.1:93.1,1.0:93.0) ---

{(12.0,9192.0),(2.11,12.11),(2.0,3.1),(1.10,12.10),(1.1,3.0),(1.0,2.1)} 

--- (9192.0:9293.0,12.11:23.11,12.10:23.10,12.0:23.0,3.1:1.1,3.0:1.0,2.11:3.11,2.1:3.1,2.0:3.0,1.10:2.10,1.1:2.1,1.0:2.0) -----> 

{(93.11,9293.11),(93.10,9391.10),(92.11,9192.11),(92.10,9293.10),(92.1,93.0),(91.11,9391.11),(91.10,9192.10),(91.1,92.0),(91.0,93.1),(31.0,9391.0),(23.0,9293.0),(12.0,9192.0),(3.11,23.11),(2.11,12.11),(2.10,23.10),(2.0,3.1),(1.10,12.10),(1.1,3.0),(1.0,2.1)} 





{(12.0,9192.0),(2.11,12.11),(2.0,3.1),(1.10,12.10),(1.1,3.0),(1.0,2.1)} - 
{(12.0,9192.0),(2.11,12.11),(2.0,3.1),(1.10,12.10),(1.1,3.0),(1.0,2.1)}







{(92.10,9293.10),(92.1,93.0),(91.10,9192.10),(91.1,92.0),(91.0,93.1),(23.0,9293.0),(12.0,9192.0),(2.0,3.1),(1.10,12.10),(1.1,3.0),(1.0,2.1)} 
{(93.10,9391.10),(92.10,9293.10),(92.1,93.0),(91.1,92.0),(91.0,93.1),(31.0,9391.0),(23.0,9293.0),(12.0,9192.0),(2.10,23.10),(2.0,3.1),(1.10,12.10),(1.1,3.0),(1.0,2.1)}